00000000000000000000000000000000000000
00000000000000000000000000000000000000
00000000000000000000000000000000000000
00000000000000000000000000000000000000
00000000000000000000000000000000000000
2522aaaa2abbb1222252112222bbbb12222521
00222112211212565002225650121225650022
00000000002422000000020000242420000000
00000000004444000000000000444400000000
00000000002222000000000000222200000000
00000000000000000000000000000000000000
000000000000000021ffff1200000000000000
00000000000000000000000000000000000000
0000002332bbeeeeffffffff2322bb23200000
000000000012e11e0000000021241200000000
0000000000241e1100ffff0042222400000000
000000000044bbee0000000022bb4400000000
00000000002212000000000000122200000000
a2aa2aaaa2aa24000000000000242aaaa2aa2a
221222112212440000ffff0000442211221222
000000000000bb000000000000bb0000000000
00000000000012232000000000120000000000
00000000000024000000000000240000000000
00000000000044000002320000440000000000
00000000000022000000000000220000000000
000000000000bb000000000000bb0000000000
00000000000012000000000000120000000000
00000000000024023200000000240000000000
00000000000044000000002320440000000000
00000000000022000000000000220000000000
000000000000bb000000000000bb0000000000
00000000000012000023320000120000000000
00000000000024000000000000240000000000
00000000000044000000000000440000000000
00000000000022000000000000220000000000
000000000000bb000000000000bb0000000000
00000000000012232000000000120000000000
00000000000024000000000000240000000000
00000000000044000002320000440000000000
00000000000022000000000000220000000000
000000000000bb000000000000bb0000000000
00000000000012000000000000120000000000
00000000000024023200000000240000000000
00000000000044000000002320440000000000
00000000000022000000000000220000000000
000000000000bb000000000000bb0000000000
00000000000012000023320000120000000000
00000000000024000000000000240000000000
00000000000044000000000000440000000000
00000000000022000000000000220000000000
000000000000bb000000000000bb0000000000
00000000000012232000000000120000000000
00000000000024000000000000240000000000
00000000000044000002320000440000000000
00000000000022000000000000220000000000
00000000000012000000000000120000000000
00000000000024023200000000240000000000
00000000000044000000002320440000000000
00000000000022000000000000220000000000
000000000000bb000000000000bb0000000000
00000000000012000023320000120000000000
00000000000024000000000000240000000000
00000000000044000000000000440000000000
00000000000022000000000000220000000000
000000000000bb233200000000bb0000000000
00000000000012000000000000120000000000
00000000000024000000000000240000000000
00000000000044000000000000440000000000
00000000000022000000000000220000000000
000000000000bb000023200000000000000000
00000000000012000000000000000000000000
00000000000024000000000000000000000000
00000000000044000000000232bb0000000000
00000000000022232000000000120000000000
000000000000bb000000000000240000000000
00000000000012000000000000440000000000
00000000000024000002332000220000000000
00000000000044000000000000bb0000000000
00000000000022000000000000120000000000
00000000000023222322232223220000000000
00000000000021242124212421240000000000
00000000000042224222422242220000000000
00000000000022122212232222120000000000
00000000000023222322212423220000000000
00000000000021242124422221240000000000
00000000000042224222221242220000000000
00000000000022122322232222120000000000
00000000000023222124212423220000000000
00000000000021244222422221240000000000
00000000000042222212221242220000000000
00000000000023222322232222120000000000
00000000000021242124212423220000000000
00000000000042224222422221240000000000
00000000000022122212221242220000000000
