000000000232223222322232200000
000000000212421242124212400000
000000000422242224222422200000
000000000221222122322221200000
000000000232223222124232200000
000000000212421244222212400000
000000000422242222212422200000
000000000221223222322221200000
000000000232221242124232200000
000000000212442224222212400000
000000000422222122212422200000
000000000232223222322221200000
000000000212421242124232200000
000000000422242224222212400000
000000000221222122212422200000
0aaaa2abbbb002320000000bb00000
021122112120000000000001200000
000000044240000000000002400000
000000044440000000000004400000
000000022220000023320002200000
00000000000000000000000bb00000
000000000000000000000001200000
000000000000000000000002400000
0002332bbbb2320000000004400000
000000012120000000000232200000
00000002424000000000000bb00000
000000044440000232000001200000
000000022bb0000000000002400000
02aaaa2aa120000000000004400000
022112212240000000000002200000
000000000bb000000000000bb00000
000000000122320000000001200000
000000000240000000000002400000
000000000440000023200004400000
000000000220000000000002200000
000000000bb000000000000bb00000
000000000120000000000001200000
000000000240232000000002400000
000000000440000000023204400000
000000000220000000000002200000
000000000bb000000000000bb00000
000000000120000233200001200000
000000000240000000000002400000
000000000440000000000004400000
000000000220000000000002200000
000000000bb000000000000bb00000
000000000122320000000001200000
000000000240000000000002400000
000000000440000023200004400000
000000000220000000000002200000
000000000bb000000000000bb00000
000000000120000000000001200000
000000000240232000000002400000
000000000440000000023204400000
000000000220000000000002200000
000000000bb000000000000bb00000
000000000120000233200001200000
000000000240000000000002400000
000000000440000000000004400000
000000000220000000000002200000
0qqqqqqqqbb002320000000bb00000
0qqqqqqqq120000000000001200000
00000000q240000000000002400000
00000000q440000000000004400000
00000000q220000023320002200000
00000000000000000000000bb00000
000000000000000000000001200000
000000000000000000000002400000
0oooooooqbb2320000000004400000
00080000q120000000000232200000
00080000q24000000000000bb00000
00090000q440000232000001200000
00090000qbb0000000000002400000
0qqqqqqqq120000000000004400000
0qqqqqqqq240000000000002200000
000000000bb000000000000bb00000
000000000122320000000001200000
000000000240000000000002400000
000000000440000023200004400000
000000000220000000000002200000
000000000bb000000000000bb00000
000000000120000000000001200000
000000000240232000000002400000
000000000440000000023204400000
000000000220000000000002200000
000000000bb000000000000bb00000
000000000120000233200001200000
000000000240000000000002400000
000000000440000000000004400000
000000000220000000000002200000
000000000bb233200000000bb00000
000000000120000000000001200000
000000000240000000000002400000
000000000440000000000004400000
0000000002200000000000022sssss
000000000bb0000232000000000000
000000000120000000000000000000
000000000240000000000000000000
00000000044000000000232bbsssss
000000000222320000000001200000
000000000bb0000000000002400000
000000000120000000000004400000
000000000240000023320002200000
00000000044000000000000bb00000
000000000220000000000001200000
000000000bb000000000000bb00000
000000000122320000000001200000
000000000240000000000002400000
000000000440000023200004400000
000000000220000000000002200000
000000000bb000000000000bb00000
000000000120000000000001200000
000000000240232000000002400000
000000000440000000023204400000
000000000220000000000002200000
000000000bb000000000000bb00000
000000000120000233200001200000
000000000240000000000002400000
000000000440000000000004400000
000000000220000000000002200000
000000000bb000000000000bb00000
000000000122320000000001200000
000000000240000000000002400000
000000000440000023200004400000
000000000220000000000002200000
000000000bb000000000000bb00000
000000000120000000000001200000
000000000240232000000002400000
000000000440000000023204400000
000000000220000000000002200000
000000000bb000000000000bb00000
000000000120000233200001200000
000000000240000000000002400000
000000000440000000000004400000
000000000220000000000002200000
000000000bb000000000000bb00000
000000000122320000000001200000
000000000240000000000002400000
000000000440000023200004400000
000000000220000000000002200000
000000000bb000000000000bb00000
000000000120000000000001200000
000000000240232000000002400000
000000000440000000023204400000
000000000220000000000002200000
000000000bb000000000000bb00000
000000000120000233200001200000
000000000240000000000002400000
000000000440000000000004400000
000000000220000000000002200000
000000000bb000000000000bb00000
000000000122320000000001200000
000000000240000000000002400000
000000000440000023200004400000
000000000220000000000002200000
000000000bb000000000000bb00000
000000000120000000000001200000
000000000240232000000002400000
000000000440000000023204400000
000000000220000000000002200000
000000000bb000000000000bb00000
000000000120000233200001200000
000000000240000000000002400000
000000000440000000000004400000
000000000220000000000002200000
000000000bb000000000000bb00000
000000000122320000000001200000
000000000240000000000002400000
000000000440000023200004400000
000000000220000000000002200000
000000000bb000000000000bb00000
000000000120000000000001200000
000000000240232000000002400000
000000000440000000023204400000
000000000220000000000002200000
000000000bb000000000000bb00000
000000000120000233200001200000
000000000240000000000002400000
000000000440000000000004400000
000000000220000000000002200000
000000000bb000000000000bb00000
000000000122320000000001200000
000000000240000000000002400000
000000000440000023200004400000
000000000220000000000002200000
000000000bb000000000000bb00000
000000000120000000000001200000
000000000240232000000002400000
000000000440000000023204400000
000000000220000000000002200000
000000000bb000000000000bb00000
000000000120000233200001200000
000000000220000000000002400000
000000000440000000000004400000
000000000220000000000002200000
2aaaa2abbbb002320000000bb00000
2211221121a0000000000001200000
000000024240000000000002400000
000000044440000000000004400000
000000022220000023320002200000
00000000000000000000000bb00000
000000000000000000000001200000
000000000000000000000002400000
0002332bbbb2320000000004400000
000000012120000000000232200000
00000002424000000000000bb00000
000000044440000232000001200000
000000022bb0000000000002400000
a2aaaa2aa120000000000004400000
222112212240000000000002200000
000000000232223222322232200000
000000000212421242124212400000
000000000422242224222422200000
000000000221222122322221200000
000000000232223222124232200000
000000000212421244222212400000
000000000422242222212422200000
000000000221223222322221200000
000000000232221242124232200000
000000000212442224222212400000
000000000422222122212422200000
000000000232223222322221200000
000000000212421242124232200000
000000000422242224222212400000
000000000221222122212422200000
