0 0 0 0 0 0 0 0 0 0 0 0 0 0 0 0 0 0 0 0 0 0 0 0 0 0 0 0 0 0 0 0 0 0 0 0 0 0 0 0 0 0 0 0 0 0 0 0 0 0 0 0 0 0 0 0 0 0 0 0 0 0 0 0 0 0 b b 
0 0 0 0 0 0 0 0 0 0 0 0 0 0 0 0 0 0 0 0 0 0 0 0 0 0 0 0 0 0 0 0 0 0 0 0 0 0 0 0 0 0 0 0 0 0 0 0 0 0 0 0 0 0 0 0 0 0 0 0 0 0 0 0 0 0 1 2 
0 0 0 0 0 0 0 0 0 0 0 0 0 0 0 0 0 0 0 0 0 0 0 0 0 0 0 0 0 0 0 0 0 0 0 0 0 0 0 0 0 0 0 0 0 0 0 0 0 0 0 0 0 0 0 0 0 0 0 0 0 0 0 0 0 0 2 2 
0 0 0 0 0 0 0 0 0 0 0 0 0 0 0 0 0 0 0 0 0 0 0 0 0 0 0 0 0 0 0 0 0 0 0 0 0 0 0 0 0 0 0 0 0 0 0 0 0 0 0 0 0 0 0 0 0 0 0 0 0 0 0 0 0 0 4 4 
0 0 0 0 0 0 0 0 0 0 0 0 0 0 0 0 0 0 0 0 0 0 0 0 0 0 0 0 0 0 0 0 0 0 0 0 0 0 0 0 0 0 0 0 0 0 0 0 0 0 0 0 0 0 0 0 0 0 0 0 0 0 0 0 0 0 2 2 
b b b b 1 2 2 2 2 5 2 1 1 2 2 2 2 5 1 2 2 2 2 5 2 1 1 2 2 2 2 5 2 1 2 a a a f f f f f f f f 1 2 2 2 1 2 2 2 2 5 2 2 a a a a 2 a b b b b 
1 2 1 2 2 5 6 5 0 0 2 2 2 5 6 5 0 0 2 5 6 5 0 0 2 2 2 5 6 5 0 0 2 2 2 2 0 1 f 1 1 f f 1 1 f 2 5 6 5 2 5 6 5 0 0 2 2 2 1 1 2 2 1 1 2 1 a 
2 4 2 4 2 0 0 0 0 0 0 0 2 0 0 0 0 0 2 0 0 0 0 0 0 0 2 0 0 0 0 0 0 0 0 0 0 0 1 f 1 1 1 f 1 1 2 0 0 0 2 0 0 0 0 0 0 0 0 0 0 0 0 0 2 4 2 4 
4 4 4 4 0 0 0 0 0 0 0 0 0 0 0 0 0 0 0 0 0 0 0 0 0 0 0 0 0 0 0 0 0 0 0 0 0 0 f 1 f f f 1 f f 0 0 0 0 0 0 0 0 0 0 0 0 0 0 0 0 0 0 4 4 4 4 
2 2 2 2 0 0 0 0 0 0 0 0 0 0 0 0 0 0 0 0 0 0 0 0 0 0 0 0 0 0 0 0 0 0 0 0 0 0 f f f f f f f f 0 0 0 0 0 0 0 0 0 0 0 0 0 0 0 0 0 0 2 2 2 2 
0 0 0 0 0 0 0 0 0 0 0 0 0 0 0 0 0 0 0 0 0 0 0 0 0 0 0 0 0 0 0 0 0 0 0 0 0 0 f 1 1 f f 1 1 f 0 0 0 0 0 0 0 0 0 0 0 0 0 0 0 0 0 0 0 0 0 0 
0 0 0 0 0 0 0 0 0 0 0 0 0 0 0 0 0 0 0 0 0 0 0 0 0 0 0 0 0 0 0 0 0 0 0 0 0 0 1 f 1 1 1 f 1 1 0 0 0 0 0 0 0 0 0 0 0 0 0 0 0 0 0 0 0 0 0 0 
0 0 0 0 0 0 0 0 0 0 0 0 0 0 0 0 0 0 0 0 0 0 0 0 0 0 0 0 0 0 0 0 0 0 0 0 0 0 f 1 f f f 1 f f 0 0 0 0 0 0 0 0 0 0 0 0 0 0 0 0 0 0 0 0 0 0 
2 2 b b 2 3 2 0 0 0 0 0 0 0 0 0 0 0 0 0 0 0 0 0 0 0 0 0 0 0 0 0 0 0 0 0 0 0 f f f f f f f f 0 0 0 0 0 0 0 0 0 0 0 0 0 0 2 3 3 2 b b b b 
2 4 1 2 0 0 0 0 0 0 0 0 0 0 0 0 0 0 0 0 0 0 0 0 0 0 0 0 0 0 0 0 0 0 0 0 0 0 f 1 1 f f 1 1 f 0 0 0 0 0 0 0 0 0 0 0 0 0 0 0 0 0 0 1 2 1 2 
2 2 2 4 0 0 0 0 0 0 0 0 0 0 0 0 0 0 0 0 0 0 0 0 0 0 0 0 0 0 0 0 0 0 0 0 0 0 1 f 1 1 1 f 1 1 0 0 0 0 0 0 0 0 0 0 0 0 0 0 0 0 0 0 2 4 2 4 
b b 4 4 0 0 0 0 0 0 0 0 0 0 0 0 0 0 0 0 0 0 0 0 0 0 0 0 0 0 0 0 0 0 0 0 0 0 f 1 f f f 1 f f 0 0 0 0 0 0 0 0 0 0 0 0 0 0 0 0 0 0 4 4 4 4 
1 2 2 2 0 0 0 0 0 0 0 0 0 0 0 0 0 0 0 0 0 0 0 0 0 0 0 0 0 0 0 0 0 0 0 0 0 0 0 0 0 0 0 0 0 0 0 0 0 0 0 0 0 0 0 0 0 0 0 0 0 0 0 0 2 2 b b 
2 4 2 a a a a 2 a a 2 a a a a 2 a a 2 a a a a 2 a a 2 a a a a 2 a 2 f f f f f f f f 2 a a a a 2 a a 2 a a a a 2 a a 2 a a a a 2 a a 1 2 
4 4 2 2 1 1 2 2 1 2 2 2 1 1 2 2 1 2 2 2 1 1 2 2 1 2 2 2 1 1 2 2 1 2 f 1 1 f f 1 1 f 2 2 1 1 2 2 1 2 2 2 1 1 2 2 1 2 2 2 1 1 2 2 1 2 2 4 
b b 0 0 0 0 0 0 0 0 0 0 0 0 0 0 0 0 0 0 0 0 0 0 0 0 0 0 0 0 0 0 0 0 0 0 0 0 0 0 0 0 0 0 0 0 0 0 0 0 0 0 0 0 0 0 0 0 0 0 0 0 0 0 0 0 0 0 
1 2 0 0 0 0 0 0 0 0 0 0 0 0 0 0 0 0 0 0 0 0 0 0 0 0 0 0 0 0 0 0 0 0 0 0 0 0 0 0 0 0 0 0 0 0 0 0 0 0 0 0 0 0 0 0 0 0 0 0 0 0 0 0 0 0 0 0 
                                                                    
                                                                    
                                                                    
                                                                    
                                                                    
                                                                    
                                                                    
                                                                    
                                                                    
                                                                    
                                                                    
                                                                    
                                                                    
                                                                    
                                                                    
                                                                    
                                                                    
                                                                    
                                                                    
                                                                    
                                                                    
                                                                    
                                                                    
                                                                    
                                                                    
                                                                    
                                                                    
                                                                    
                                                                    
                                                                    
                                                                    
                                                                    
                                                                    
                                                                    
                                                                    
                                                                    
                                                                    
                                                                    
                                                                    
                                                                    
                                                                    
                                                                    
                                                                    
                                                                    
                                                                    
                                                                    
                                                                    
                                                                    
                                                                    
                                                                    
                                                                    
                                                                    
                                                                    
                                                                    
                                                                    
                                                                    
                                                                    
                                                                    
                                                                    
                                                                    
                                                                    
                                                                    
                                                                    
                                                                    
                                                                    
                                                                    
                                                                    
                                                                    
                                                                    
                                                                    
                                                                    
                                                                    
                                                                    
                                                                    
                                                                    
                                                                    
                                                                    
                                                                    
                                                                    
                                                                    
                                                                    
                                                                    
                                                                    
                                                                    
                                                                    
                                                                    
                                                                    
                                                                    
                                                                    
                                                                    
                                                                    
                                                                    
                                                                    
                                                                    
                                                                    
                                                                    
                                                                    
                                                                    
                                                                    
                                                                    
                                                                    
                                                                    
                                                                    
                                                                    
                                                                    
                                                                    
                                                                    
                                                                    
                                                                    
                                                                    
                                                                    
                                                                    
                                                                    
                                                                    
                                                                    
                                                                    
                                                                    
                                      