0 brick 94 264 2 6
1 brick 139 198 1 10
2 brick 133 207 6 1
3 brick 90 26 2 1
4 brick 106 27 2 2
5 brick 16 196 1 3
6 brick 17 196 3 2
7 brick 20 196 2 1
8 brick 171 99 12 1
9 brick 174 95 9 1
10 brick 80 210 2 60
11 brick 94 208 2 52
12 brick 92 205 3 3
13 brick 80 270 16 1
14 brick 91 263 5 1
15 brick 87 267 4 1
16 brick 82 264 3 1
17 brick 86 260 3 1
18 brick 82 255 4 1
19 brick 86 251 4 1
20 brick 83 247 3 1
21 brick 90 248 3 1
22 brick 87 244 3 1
23 brick 82 242 3 1
24 brick 86 237 4 1
25 brick 90 234 3 1
26 brick 83 233 3 1
27 brick 87 229 3 1
28 brick 82 227 3 1
29 brick 86 222 4 1
30 brick 90 219 3 1
31 brick 83 218 3 1
32 brick 87 214 3 1
33 brick 82 212 3 1
34 brick 86 210 4 1
35 brick 86 206 4 1
36 brick 51 21 2 1
37 brick 84 28 2 1
38 brick 100 28 2 1
39 brick 158 70 4 131
40 brick 33 24 6 2
41 brick 32 16 1 15
42 brick 33 17 14 1
43 brick 47 16 6 5
44 brick 41 24 8 2
45 brick 53 19 2 3
46 brick 60 18 1 1
47 brick 60 17 2 1
48 brick 52 16 10 1
49 brick 63 16 3 5
50 brick 49 24 21 1
51 brick 52 22 9 1
52 brick 152 17 8 1
53 brick 73 18 1 1
54 brick 72 17 5 1
55 brick 70 16 2 1
56 brick 67 17 3 1
57 brick 66 16 1 3
58 brick 62 25 8 2
59 brick 69 28 4 1
60 brick 67 27 5 1
61 brick 72 29 9 1
62 brick 80 25 4 4
63 brick 86 25 4 4
64 brick 92 26 4 2
65 brick 96 25 4 4
66 brick 102 25 4 4
67 brick 108 26 4 3
68 brick 112 27 4 4
69 brick 118 27 4 2
70 brick 124 27 4 4
71 brick 128 29 32 1
72 brick 154 24 11 1
73 brick 96 61 16 1
74 brick 96 62 1 7
75 brick 100 62 1 4
76 brick 104 66 2 1
77 brick 97 66 7 2
78 brick 96 69 25 1
79 brick 149 62 11 1
80 brick 113 62 9 1
81 brick 112 62 1 4
82 brick 112 70 1 4
83 brick 117 70 1 4
84 brick 112 74 46 1
85 brick 154 70 1 4
86 brick 151 69 14 1
87 brick 160 15 16 1
88 brick 158 16 4 5
89 brick 164 16 3 1
90 brick 167 20 4 1
91 brick 172 25 2 1
92 brick 166 27 3 1
93 brick 162 32 3 1
94 brick 167 34 3 1
95 brick 163 38 3 1
96 brick 170 39 3 1
97 brick 166 42 4 1
98 brick 162 47 3 1
99 brick 167 49 3 1
100 brick 163 53 3 1
101 brick 170 54 3 1
102 brick 166 57 4 1
103 brick 164 61 3 1
104 brick 174 16 2 79
105 brick 158 25 4 41
106 brick 167 65 4 1
107 brick 172 70 2 1
108 brick 166 72 3 1
109 brick 162 77 3 1
110 brick 167 79 3 1
111 brick 163 83 3 1
112 brick 170 84 3 1
113 brick 166 87 4 1
114 brick 162 91 4 1
115 brick 166 96 3 1
116 brick 162 100 3 1
117 brick 167 103 4 1
118 brick 162 107 3 1
119 brick 167 109 3 1
120 brick 163 113 3 1
121 brick 170 114 3 1
122 brick 166 117 4 1
123 brick 162 122 3 1
124 brick 167 124 3 1
125 brick 170 129 3 1
126 brick 163 128 3 1
127 brick 166 132 4 1
128 brick 162 137 3 1
129 brick 167 139 3 1
130 brick 170 144 3 1
131 brick 163 143 3 1
132 brick 166 147 4 1
133 brick 162 152 3 1
134 brick 167 154 3 1
135 brick 163 158 3 1
136 brick 170 159 3 1
137 brick 166 162 4 1
138 brick 162 167 3 1
139 brick 167 169 3 1
140 brick 163 173 3 1
141 brick 170 174 3 1
142 brick 166 177 4 1
143 brick 162 182 3 1
144 brick 167 184 3 1
145 brick 170 189 3 1
146 brick 163 188 3 1
147 brick 166 192 4 1
148 brick 164 196 3 1
149 brick 167 200 4 1
150 brick 172 205 2 1
151 brick 166 207 3 1
152 brick 174 100 2 111
153 brick 161 211 13 1
154 brick 161 205 1 6
155 brick 154 204 11 1
156 brick 158 205 1 4
157 brick 150 197 8 1
158 brick 148 196 2 1
159 brick 144 198 1 1
160 brick 141 197 7 1
161 brick 140 198 1 1
162 brick 132 198 1 10
163 brick 131 197 1 1
164 brick 130 196 1 1
165 brick 126 197 4 1
166 brick 124 196 2 1
167 brick 120 198 1 1
168 brick 118 197 6 1
169 brick 116 196 2 1
170 brick 112 198 1 1
171 brick 112 197 4 1
172 brick 110 196 2 1
173 brick 98 209 61 1
174 brick 97 205 1 4
175 brick 106 198 1 1
176 brick 104 197 6 1
177 brick 102 196 2 1
178 brick 99 197 3 1
179 brick 98 197 1 2
180 brick 93 196 1 1
181 brick 89 198 1 1
182 brick 87 197 6 1
183 brick 85 196 2 1
184 brick 82 197 3 1
185 brick 94 197 4 4
186 brick 74 204 27 1
187 brick 84 202 8 1
188 brick 70 197 8 1
189 brick 78 196 4 5
190 brick 78 205 4 5
191 brick 82 205 2 3
192 brick 44 209 34 1
193 brick 48 198 1 1
194 brick 46 197 6 1
195 brick 44 196 2 1
196 brick 37 208 7 1
197 brick 42 201 1 5
198 brick 43 199 1 7
199 brick 38 201 1 5
200 brick 37 199 1 7
201 brick 40 198 1 1
202 brick 38 197 6 1
203 brick 36 196 2 1
204 brick 32 198 1 1
205 brick 22 197 14 1
206 brick 28 206 2 2
207 brick 27 204 3 2
208 brick 31 204 1 4
209 brick 30 202 1 6
210 brick 26 200 4 4
211 brick 25 207 1 1
212 brick 24 208 2 1
213 brick 22 206 1 3
214 brick 16 209 21 1
215 brick 19 208 2 1
216 brick 19 207 1 1
217 brick 15 198 1 12