0 brick 15 198 1 12
1 brick 16 209 3 1
2 brick 19 207 1 3
3 brick 20 208 1 2
4 brick 21 209 16 1
5 brick 22 206 1 3
6 brick 24 208 2 1
7 brick 25 207 1 1
8 brick 26 200 4 4
9 brick 30 201 1 7
10 brick 31 203 1 5
11 brick 27 204 3 2
12 brick 28 206 2 2
13 brick 22 197 14 1
14 brick 32 198 1 1
15 brick 36 196 2 1
16 brick 38 197 6 1
17 brick 40 198 1 1
18 brick 37 199 1 7
19 brick 38 201 1 5
20 brick 43 199 1 7
21 brick 42 201 1 5
22 brick 37 208 7 1
23 brick 44 196 2 1
24 brick 46 197 6 1
25 brick 48 198 1 1
26 brick 44 209 34 1
27 brick 78 204 6 4
28 brick 78 208 4 2
29 brick 74 204 4 1
30 brick 78 196 4 5
31 brick 70 197 8 1
32 brick 84 202 8 1
33 brick 84 204 17 1
34 brick 94 197 4 4
35 brick 82 197 3 1
36 brick 85 196 2 1
37 brick 87 197 6 1
38 brick 89 198 1 1
39 brick 93 196 1 1
40 brick 98 197 1 2
41 brick 99 197 3 1
42 brick 102 196 2 1
43 brick 104 197 6 1
44 brick 106 198 1 1
45 brick 97 205 1 4
46 brick 98 209 60 1
47 brick 107 197 3 1
48 brick 110 196 2 1
49 brick 112 197 4 1
50 brick 112 198 1 1
51 brick 116 196 2 1
52 brick 118 197 6 1
53 brick 120 198 1 1
54 brick 124 196 2 1
55 brick 126 197 4 1
56 brick 130 196 1 1
57 brick 131 197 1 1
58 brick 132 198 8 10
59 brick 140 198 1 1
60 brick 141 197 7 1
61 brick 144 198 1 1
62 brick 148 196 2 1
63 brick 150 197 8 1
64 brick 158 205 4 4
65 brick 154 204 11 1
66 brick 161 205 1 6
67 brick 161 211 13 1
68 brick 174 99 2 112
69 brick 166 207 3 1
70 brick 172 205 2 1
71 brick 167 200 4 1
72 brick 164 196 3 1
73 brick 166 192 4 1
74 brick 163 188 3 1
75 brick 170 189 3 1
76 brick 167 184 3 1
77 brick 162 182 3 1
78 brick 166 177 4 1
79 brick 170 174 3 1
80 brick 163 173 3 1
81 brick 167 169 3 1
82 brick 162 167 3 1
83 brick 166 162 4 1
84 brick 170 159 3 1
85 brick 163 158 3 1
86 brick 167 154 3 1
87 brick 162 152 3 1
88 brick 166 147 4 1
89 brick 163 143 3 1
90 brick 170 144 3 1
91 brick 167 139 3 1
92 brick 162 137 3 1
93 brick 166 132 4 1
94 brick 163 128 3 1
95 brick 167 131 1 1
96 brick 170 129 3 1
97 brick 167 124 3 1
98 brick 162 122 3 1
99 brick 166 117 4 1
100 brick 170 114 3 1
101 brick 163 113 3 1
102 brick 167 109 3 1
103 brick 162 107 3 1
104 brick 167 103 4 1
105 brick 162 100 3 1
106 brick 171 99 3 1
107 brick 166 96 3 1
108 brick 162 91 4 1
109 brick 166 87 4 1
110 brick 170 84 3 1
111 brick 163 83 3 1
112 brick 167 79 3 1
113 brick 162 77 3 1
114 brick 166 72 3 1
115 brick 162 69 3 1
116 brick 172 70 2 1
117 brick 167 65 4 1
118 brick 160 24 2 42
119 brick 174 16 2 80
120 brick 164 61 3 1
121 brick 166 57 4 1
122 brick 170 54 3 1
123 brick 163 53 3 1
124 brick 167 49 3 1
125 brick 162 47 3 1
126 brick 166 42 4 1
127 brick 170 39 3 1
128 brick 163 38 3 1
129 brick 167 34 3 1
130 brick 162 32 3 1
131 brick 166 27 3 1
132 brick 172 25 2 1
133 brick 162 24 3 1
134 brick 167 20 4 1
135 brick 164 16 3 1
136 brick 160 16 2 5
137 brick 160 15 16 1
138 brick 151 69 9 1
139 brick 154 70 1 4
140 brick 159 70 1 4
141 brick 112 74 48 1
142 brick 117 70 1 4
143 brick 112 69 1 5
144 brick 113 69 8 1
145 brick 112 69 1 1
146 brick 112 62 1 4
147 brick 113 62 9 1
148 brick 149 62 10 1
149 brick 96 69 16 1
150 brick 96 66 8 2
151 brick 104 66 2 1
152 brick 100 62 1 4
153 brick 96 62 1 4
154 brick 96 61 16 1
155 brick 156 24 4 1
156 brick 128 29 32 1
157 brick 126 27 4 3
158 brick 120 27 4 2
159 brick 114 27 4 3
160 brick 108 26 6 3
161 brick 106 26 2 1
162 brick 104 25 4 3
163 brick 100 28 2 1
164 brick 98 25 4 3
165 brick 92 26 6 2
166 brick 90 26 2 0
167 brick 88 25 4 4
168 brick 84 28 2 1
169 brick 82 25 4 4
170 brick 74 29 8 1
171 brick 69 27 5 1
172 brick 71 28 4 1
173 brick 62 24 10 3
174 brick 66 18 2 3
175 brick 66 18 1 1
176 brick 68 17 4 1
177 brick 70 16 2 1
178 brick 74 17 5 1
179 brick 75 18 1 1
180 brick 152 17 8 1
181 brick 54 22 9 1
182 brick 52 24 12 1
183 brick 65 16 1 5
184 brick 55 16 7 1
185 brick 62 16 2 2
186 brick 62 18 1 1
187 brick 55 19 2 3
188 brick 45 24 7 2
189 brick 50 16 5 5
190 brick 36 17 14 1
191 brick 36 18 1 6
192 brick 36 24 7 2
193 brick 158 69 4 132
194 brick 102 28 2 1
195 brick 86 28 2 1
196 brick 53 21 2 1
197 brick 86 206 4 1
198 brick 86 210 4 1
199 brick 82 212 3 1
200 brick 87 214 3 1
201 brick 83 218 3 1
202 brick 90 219 3 1
203 brick 86 222 4 1
204 brick 82 227 3 1
205 brick 87 229 3 1
206 brick 83 233 3 1
207 brick 90 234 3 1
208 brick 86 237 4 1
209 brick 82 242 3 1
210 brick 87 244 3 1
211 brick 90 248 3 1
212 brick 83 247 3 1
213 brick 86 251 4 1
214 brick 82 255 4 1
215 brick 86 260 3 1
216 brick 82 264 3 1
217 brick 87 267 4 1
218 brick 91 263 5 1
219 brick 80 270 16 1
220 brick 92 205 4 3
221 brick 94 208 2 52
222 brick 80 210 2 61
223 brick 176 95 7 1
224 brick 176 99 7 1
225 brick 20 196 2 1
226 brick 17 196 3 2
227 brick 16 196 1 3
