0 brick 18 198 1 12
1 brick 19 209 3 1
2 brick 22 207 1 3
3 brick 23 208 1 2
4 brick 24 209 16 1
5 brick 25 206 1 3
6 brick 27 208 2 1
7 brick 28 207 1 1
8 brick 29 200 4 4
9 brick 33 201 1 7
10 brick 34 203 1 5
11 brick 30 204 3 2
12 brick 31 206 2 2
13 brick 25 197 14 1
14 brick 35 198 1 1
15 brick 39 196 2 1
16 brick 41 197 6 1
17 brick 43 198 1 1
18 brick 40 199 1 7
19 brick 41 201 1 5
20 brick 46 199 1 7
21 brick 45 201 1 5
22 brick 40 208 7 1
23 brick 47 196 2 1
24 brick 49 197 6 1
25 brick 51 198 1 1
26 brick 47 209 34 1
27 brick 81 204 6 4
28 brick 81 208 4 2
29 brick 77 204 4 1
30 brick 81 196 4 5
31 brick 73 197 8 1
32 brick 87 202 8 1
33 brick 87 204 17 1
34 brick 97 197 4 4
35 brick 85 197 3 1
36 brick 88 196 2 1
37 brick 90 197 6 1
38 brick 92 198 1 1
39 brick 96 196 1 1
40 brick 101 197 1 2
41 brick 102 197 3 1
42 brick 105 196 2 1
43 brick 107 197 6 1
44 brick 109 198 1 1
45 brick 100 205 1 4
46 brick 101 209 60 1
47 brick 110 197 3 1
48 brick 113 196 2 1
49 brick 115 197 4 1
50 brick 115 198 1 1
51 brick 119 196 2 1
52 brick 121 197 6 1
53 brick 123 198 1 1
54 brick 127 196 2 1
55 brick 129 197 4 1
56 brick 133 196 1 1
57 brick 134 197 1 1
58 brick 135 198 8 10
59 brick 143 198 1 1
60 brick 144 197 7 1
61 brick 147 198 1 1
62 brick 151 196 2 1
63 brick 153 197 8 1
64 brick 161 205 4 4
65 brick 157 204 11 1
66 brick 164 205 1 6
67 brick 164 211 13 1
68 brick 177 99 2 112
69 brick 169 207 3 1
70 brick 175 205 2 1
71 brick 170 200 4 1
72 brick 167 196 3 1
73 brick 169 192 4 1
74 brick 166 188 3 1
75 brick 173 189 3 1
76 brick 170 184 3 1
77 brick 165 182 3 1
78 brick 169 177 4 1
79 brick 173 174 3 1
80 brick 166 173 3 1
81 brick 170 169 3 1
82 brick 165 167 3 1
83 brick 169 162 4 1
84 brick 173 159 3 1
85 brick 166 158 3 1
86 brick 170 154 3 1
87 brick 165 152 3 1
88 brick 169 147 4 1
89 brick 166 143 3 1
90 brick 173 144 3 1
91 brick 170 139 3 1
92 brick 165 137 3 1
93 brick 169 132 4 1
94 brick 166 128 3 1
95 brick 170 131 1 1
96 brick 173 129 3 1
97 brick 170 124 3 1
98 brick 165 122 3 1
99 brick 169 117 4 1
100 brick 173 114 3 1
101 brick 166 113 3 1
102 brick 170 109 3 1
103 brick 165 107 3 1
104 brick 170 103 4 1
105 brick 165 100 3 1
106 brick 174 99 3 1
107 brick 169 96 3 1
108 brick 165 91 4 1
109 brick 169 87 4 1
110 brick 173 84 3 1
111 brick 166 83 3 1
112 brick 170 79 3 1
113 brick 165 77 3 1
114 brick 169 72 3 1
115 brick 165 69 3 1
116 brick 175 70 2 1
117 brick 170 65 4 1
118 brick 163 24 2 42
119 brick 177 16 2 80
120 brick 167 61 3 1
121 brick 169 57 4 1
122 brick 173 54 3 1
123 brick 166 53 3 1
124 brick 170 49 3 1
125 brick 165 47 3 1
126 brick 169 42 4 1
127 brick 173 39 3 1
128 brick 166 38 3 1
129 brick 170 34 3 1
130 brick 165 32 3 1
131 brick 169 27 3 1
132 brick 175 25 2 1
133 brick 165 24 3 1
134 brick 170 20 4 1
135 brick 167 16 3 1
136 brick 163 16 2 5
137 brick 163 15 16 1
138 brick 154 69 9 1
139 brick 157 70 1 4
140 brick 162 70 1 4
141 brick 115 74 48 1
142 brick 120 70 1 4
143 brick 115 69 1 5
144 brick 116 69 8 1
145 brick 115 69 1 1
146 brick 115 62 1 4
147 brick 116 62 9 1
148 brick 152 62 10 1
149 brick 99 69 16 1
150 brick 99 66 8 2
151 brick 107 66 2 1
152 brick 103 62 1 4
153 brick 99 62 1 4
154 brick 99 61 16 1
155 brick 159 24 4 1
156 brick 131 29 32 1
157 brick 129 27 4 3
158 brick 123 27 4 2
159 brick 117 27 4 3
160 brick 111 26 6 3
161 brick 109 26 2 1
162 brick 107 25 4 3
163 brick 103 28 2 1
164 brick 101 25 4 3
165 brick 95 26 6 2
166 brick 93 26 2 0
167 brick 91 25 4 4
168 brick 87 28 2 1
169 brick 85 25 4 4
170 brick 77 29 8 1
171 brick 72 27 5 1
172 brick 74 28 4 1
173 brick 65 24 10 3
174 brick 69 18 2 3
175 brick 69 18 1 1
176 brick 71 17 4 1
177 brick 73 16 2 1
178 brick 77 17 5 1
179 brick 78 18 1 1
180 brick 155 17 8 1
181 brick 57 22 9 1
182 brick 55 24 12 1
183 brick 68 16 1 5
184 brick 58 16 7 1
185 brick 65 16 2 2
186 brick 65 18 1 1
187 brick 58 19 2 3
188 brick 48 24 7 2
189 brick 53 16 5 5
190 brick 39 17 14 1
191 brick 39 18 1 6
192 brick 39 24 7 2
193 brick 161 69 4 132
194 brick 105 28 2 1
195 brick 89 28 2 1
196 brick 56 21 2 1
197 brick 89 206 4 1
198 brick 89 210 4 1
199 brick 85 212 3 1
200 brick 90 214 3 1
201 brick 86 218 3 1
202 brick 93 219 3 1
203 brick 89 222 4 1
204 brick 85 227 3 1
205 brick 90 229 3 1
206 brick 86 233 3 1
207 brick 93 234 3 1
208 brick 89 237 4 1
209 brick 85 242 3 1
210 brick 90 244 3 1
211 brick 93 248 3 1
212 brick 86 247 3 1
213 brick 89 251 4 1
214 brick 85 255 4 1
215 brick 89 260 3 1
216 brick 85 264 3 1
217 brick 90 267 4 1
218 brick 94 263 5 1
219 brick 83 270 16 1
220 brick 95 205 4 3
221 brick 97 208 2 52
222 brick 83 210 2 61
223 brick 179 95 7 1
224 brick 179 99 7 1
225 brick 23 196 2 1
226 brick 20 196 3 2
227 brick 19 196 1 3
