0 2 3 2 2 2 3 2 2 2 3 2 2 2 3 2 2 1 2 2 2 2 5 2 1 2 4 4 4 4 2 4 4 1 2 2 2 2 5 2 1 1 2 2 2 2 5 2 1 1 2 2 2 2 5 2 1 1 2 2 2 2 5 2 1 1 2 2 2 2 5 2 1 1 2 2 2 2 5 2 2 4 4 4 4 2 4 b   
0 2 1 2 4 2 1 2 4 2 1 2 4 2 1 2 4 2 5 6 5 0 0 2 2 2 2 1 1 2 2 1 2 2 5 6 5 0 0 2 2 2 5 6 5 0 0 2 2 2 5 6 5 0 0 2 2 2 5 6 5 0 0 2 2 2 5 6 5 0 0 2 2 2 5 6 5 0 0 2 2 2 1 1 2 2 1 1
0 4 2 2 2 4 2 2 2 4 2 2 2 4 2 2 2 2 0 0 0 0 0 0 0 0 0 0 0 0 0 0 2 0 0 0 0 0 0 0 0 2 0 0 0 0 0 0 0 2 0 0 0 0 0 0 0 2 0 0 0 0 0 0 0 2 0 0 0 0 0 0 0 2 0 0 0 0 0 0 0 0 0 0 0 0 0 2    
0 2 2 1 2 2 2 1 2 2 3 2 2 2 2 1 2 0 0 0 0 0 0 0 0 0 0 0 0 0 0 0 0 0 0 0 0 0 0 0 0 0 0 0 0 0 7 0 0 0 0 0 7 0 0 0 0 0 0 0 0 0 0 0 0 0 0 0 0 0 0 0 0 0 0 0 0 0 0 0 0 0 0 0 0 0 0 4 
0 2 3 2 2 2 3 2 2 2 1 2 4 2 3 2 2 0 0 0 0 0 0 0 0 0 0 2 3 2 2 0 0 0 0 0 0 0 c 0 0 0 0 0 c 0 0 0 0 0 0 0 0 0 0 0 0 0 0 0 0 0 0 0 0 0 0 0 0 0 0 0 0 0 0 0 0 0 0 0 0 0 0 0 0 0 0 2 2 2 
0 2 1 2 4 2 1 2 4 4 2 2 2 2 1 2 4 0 0 0 0 0 0 0 0 0 0 2 1 2 4 0 0 0 0 0 0 0 b b 0 0 0 b b 0 0 0 0 0 0 0 0 0 0 0 0 0 0 0 0 0 0 0 0 0 0 0 0 0 0 0 0 0 0 0 0 0 0 0 0 0 0 0 0 0 0 door
0 4 2 2 2 4 2 2 2 2 2 1 2 4 2 2 2 0 0 0 0 0 0 0 0 0 0 4 2 3 2 2 0 0 0 0 0 0 1 2 0 0 0 1 2 0 0 0 0 0 0 0 0 0 0 0 0 0 0 0 0 0 0 0 0 0 0 0 0 0 0 0 0 0 0 0 0 0 0 0 0 0 0 0 0 0 0 door
0 2 2 1 2 2 3 2 2 2 3 2 2 2 2 1 2 0 0 0 0 0 0 0 0 0 0 2 2 1 2 4 0 0 0 0 0 0 2 4 0 0 0 2 4 0 0 0 0 0 0 0 0 0 0 0 0 0 0 0 0 0 0 0 0 0 0 0 0 0 0 0 0 0 0 0 0 0 0 0 0 0 0 0 0 0 0 door
0 2 3 2 2 2 1 2 4 2 1 2 4 2 3 2 2 0 0 0 0 0 0 0 0 0 0 0 4 2 3 2 2 0 0 0 0 0 4 4 0 0 0 4 4 0 0 0 0 0 0 0 0 0 0 0 0 0 0 0 0 0 0 0 0 0 0 0 0 0 0 0 0 0 0 0 0 0 0 0 0 0 2 3 3 2 b b  
0 2 1 2 4 4 2 2 2 4 2 2 2 2 1 2 4 0 0 0 0 0 0 0 0 0 0 2 2 1 2 4 0 0 0 0 0 0 2 2 0 0 0 2 2 0 0 0 0 0 0 0 0 0 0 0 0 0 0 0 0 0 0 0 0 0 0 0 0 0 0 0 0 0 0 0 0 0 0 0 0 0 0 0 0 0 1 2
0 4 2 2 2 2 2 1 2 2 2 1 2 4 2 2 2 0 0 0 0 0 0 8 0 0 0 0 0 4 2 2 2 2 0 0 0 0 0 0 0 0 0 0 0 0 0 0 0 0 0 0 0 0 0 0 0 0 0 0 0 0 0 0 0 0 0 0 0 0 0 0 0 0 0 0 0 0 0 0 0 0 0 0 0 0 2 4 
0 2 3 2 2 2 3 2 2 2 3 2 2 2 2 1 2 0 0 0 7 0 0 8 0 0 7 0 0 2 2 1 2 0 0 0 0 0 0 0 0 0 0 0 0 0 0 0 0 0 0 0 0 0 0 0 0 0 0 0 0 0 0 0 0 0 0 0 0 0 0 0 0 0 0 0 0 0 0 0 0 0 0 0 0 0 4 4 
0 2 1 2 4 2 1 2 4 2 1 2 4 2 3 2 2 0 0 0 8 8 0 9 0 8 8 0 0 0 0 0 0 0 0 0 0 0 8 8 8 8 8 8 8 0 0 0 0 0 0 0 0 0 0 0 0 0 0 0 0 0 0 0 0 0 0 0 0 0 0 0 0 0 0 0 0 0 0 0 0 0 0 0 0 0 2 2 
0 4 2 2 2 4 2 2 2 4 2 2 2 2 1 2 4 2 a a a a 2 a a 2 a a a a 2 4 4 2 4 4 4 4 2 4 4 2 4 4 4 4 2 4 4 2 4 4 4 4 2 4 4 2 4 4 4 4 4 2 4 4 2 4 4 4 4 2 4 4 2 4 4 4 4 2 4 4 2 4 4 4 4 2 
0 2 2 1 2 2 2 1 2 2 2 1 2 4 2 2 2 2 2 1 1 2 2 1 2 2 2 1 1 2 2 1 2 2 2 1 1 2 2 1 2 2 2 1 1 2 2 1 2 2 2 1 1 2 2 1 2 2 2 1 1 2 2 1 2 2 2 1 1 2 2 1 2 2 2 1 1 2 2 1 2 2 2 1 1 2 2 1    