0 20 207 1 1 monster1 0
1 43 198 1 1 monster1 0 
2 37 198 1 1 monster1 0 
3 72 208 1 1 monster1 1
4 75 203 1 1 monster1 1
5 86 201 1 1 monster1 0
6 90 201 1 1 monster1 0
7 89 209 1 1 monster1 0
8 88 213 1 1 monster1 0
9 84 217 1 1 monster1 0
10 91 218 1 1 monster1 0
11 88 221 1 1 monster1 0
12 88 228 1 1 monster1 0
13 84 232 1 1 monster1 0
14 88 236 1 1 monster1 0
15 91 233 1 1 monster1 0
16 88 243 1 1 monster1 0
17 84 247 1 1 monster1 0
18 88 251 1 1 monster1 0
19 91 248 1 1 monster1 0
20 87 260 1 1 monster1 0
21 90 267 1 1 monster1 0
22 103 208 1 1 monster1 1
23 107 208 1 1 monster1 1
24 128 208 1 1 monster1 1
25 138 208 1 1 monster1 1
26 152 208 1 1 monster1 1
27 155 203 1 1 monster1 1
28 169 199 1 1 monster1 0
29 168 191 1 1 monster1 0
30 164 187 1 1 monster1 0
31 171 188 1 1 monster1 0
32 168 183 1 1 monster1 0
33 168 176 1 1 monster1 0
34 164 172 1 1 monster1 0
35 171 173 1 1 monster1 0
36 168 168 1 1 monster1 0
37 168 161 1 1 monster1 0
38 164 157 1 1 monster1 0
39 171 158 1 1 monster1 0
40 168 153 1 1 monster1 0
41 168 146 1 1 monster1 0
42 171 143 1 1 monster1 0
43 164 142 1 1 monster1 0
44 168 138 1 1 monster1 0
45 168 131 1 1 monster1 0
46 171 128 1 1 monster1 0
47 164 127 1 1 monster1 0
48 168 123 1 1 monster1 0
49 168 116 1 1 monster1 0
50 164 112 1 1 monster1 0
51 171 113 1 1 monster1 0
52 168 108 1 1 monster1 0
53 170 102 1 1 monster1 0
54 167 95 1 1 monster1 0
55 168 86 1 1 monster1 0
56 164 82 1 1 monster1 0
57 171 83 1 1 monster1 0
58 168 78 1 1 monster1 0
59 169 64 1 1 monster1 0 
60 168 56 1 1 monster1 0
61 171 53 1 1 monster1 0
62 164 52 1 1 monster1 0
63 168 48 1 1 monster1 0
64 168 41 1 1 monster1 0
65 171 38 1 1 monster1 0
66 164 37 1 1 monster1 0
67 168 33 1 1 monster1 0
68 169 19 1 1 monster1 0
69 155 23 1 1 monster1 1
70 152 28 1 1 monster1 1
71 105 24 1 1 monster1 1
72 89 24 1 1 monster1 1
73 157 68 1 1 monster1 1
74 139 73 1 1 monster1 1
75 122 73 1 1 monster1 1
76 119 73 1 1 monster1 1
77 52 197 1 2 monster2 0
78 56 199 1 2 monster2 0
79 62 198 1 2 monster2 0
80 105 198 1 2 monster2 0
81 106 199 1 2 monster2 0
82 110 197 1 2 monster2 0
83 116 197 1 2 monster2 0
84 120 199 1 2 monster2 0
85 126 198 1 2 monster2 0
86 142 18 1 2 monster2 0
87 136 19 1 2 monster2 0
88 132 17 1 2 monster2 0
89 72 19 1 2 monster2 0
90 165 20 1 1 monster3 162
91 171 27 1 1 monster3 174
92 172 34 1 1 monster3 174
93 163 42 1 1 monster3 162 
94 172 49 1 1 monster3 174
95 163 57 1 1 monster3 162
96 165 65 1 1 monster3 162
97 171 72 1 1 monster3 174
98 172 79 1 1 monster3 174
99 163 87 1 1 monster3 162 
100 168 91 1 1 monster3 174
101 163 96 1 1 monster3 162
102 167 100 1 1 monster3 174
103 165 103 1 1 monster3 162
104 172 109 1 1 monster3 174
105 163 117 1 1 monster3 162
106 172 124 1 1 monster3 174
107 163 132 1 1 monster3 162 
108 172 139 1 1 monster3 174
109 163 147 1 1 monster3 162
110 172 154 1 1 monster3 174
111 163 162 1 1 monster3 162
112 172 169 1 1 monster3 174
113 163 177 1 1 monster3 162 
114 172 184 1 1 monster3 174
115 163 192 1 1 monster3 162 
116 165 200 1 1 monster3 162 
117 171 207 1 1 monster3 174
118 92 214 1 1 monster3 94
119 83 222 1 1 monster3 82
120 92 229 1 1 monster3 94
121 83 237 1 1 monster3 82
122 92 244 1 1 monster3 94
123 83 252 1 1 monster3 82
124 88 256 1 1 monster3 94
125 83 261 1 1 monster3 82
126 87 265 1 1 monster3 94
127 85 268 1 1 monster3 82
128 71 18 1 1 monster4 0
129 83 18 1 1 monster4 0
130 99 18 1 1 monster4 0
131 147 63 1 1 monster4 0
132 138 63 1 1 monster4 0
133 133 63 1 1 monster4 0
134 140 199 1 1 monster4 0