0 215
0 216
1 198
1 197
2 200
2 199
3 192
4 186
5 187
6 187
7 34
8 32
9 31
10 30
11 29
12 27
13 26
14 24
15 25
16 22
17 20
18 19
19 21
20 17
21 15
22 173
23 173
24 173
25 173
26 173
27 155
28 149
29 147
30 146
31 145
32 144
33 142
34 140
35 141
36 139
37 137
38 135
40 134
41 132
42 130
43 131
44 129
45 127
46 125
47 126
48 24
49 122
50 120
51 121
52 119
53 117
54 115
55 113
56 111
57 112
58 110
59 106
60 102
61 101
62 100
63 99
64 97
65 96
66 95
67 94
68 90
69 72
70 71
71 66
72 63
73 86
74 84
75 84
76 84






