RM 1 5 20 32
RM 25 5 20 32 
RM 50 5 20 32
LM 1 43 20 32
LM 25 43 20 32
LM 50 43 20 32 
RS 75 5 20 32
LS 75 43 20 32
RJS 100 14 14 23
RJS 125 22 19 15
RJS 150 14 14 23
RJS 175 22 19 15
LJS 100 14 14 23
LJS 125 22 19 15
LJS 150 14 14 23
LJS 175 22 19 15
RGS 200 24 12 12
RGS 225 24 12 12
RGS 250 24 12 12
RGS 275 24 12 12 
LGS 200 62 12 12
LGS 225 62 12 12
LGS 250 62 12 12
LGS 275 62 12 12 
RJ 300 12 23 25
LJ 300 50 23 25
RSG 335 1 14 36
LSG 335 39 14 36
RMG 360 0 12 38
RMG 381 0 17 38
RMG 405 0 19 38
LMG 360 39 12 38
LMG 381 39 17 38
LMG 405 39 19 38
RJG 435 6 18 32
LJG 435 39 18 32
BRICK 0 0 16 16
M1 0 79 16 16
M1 20 79 16 16
M1 40 79 16 16
M1 60 79 16 16
M2 0 100 16 23
M2 20 100 8 23
M3 0 130 16 7
M4 0 145 32 24
BULLET 0 175 8 8
RMS 460 6 25 31  
RMS 485 6 25 31 
RMS 515 6 25 31
LMS 460 44 25 31
LMS 485 44 25 31
LMS 515 44 25 31